6.89205e-310
0
0
0
0
0
0
0
0
0
0
0
0
0
0
0
0
0
0
0
0
0
0
0
0
0
0
0
0
0
0
0
0
0
0
0
0
0
0
0
0
0
0
0
0
0
0
0
0
0
0
0
0
0
0
0
0
0
0
0
0
0
0
0
0
0
0
0
0
0
0
0
0
0
0
0
0
0
0
0
0
0
0
0
0
0
0
0
0
0
0
0
0
0
0
0
0
0
0
0
0
0
0
0
0
0
0
0
0
0
0
0
0
0
0
0
0
0
0
0
0
0
0
0
0
0
0
0
0
0
0
0
0
0
0
0
0
0
0
0
0
0
0
0
0
0
0
0
0
0
0
0
0
0
0
0
0
0
0
0
0
0
0
0
0
0
0
0
0
0
0
0
0
0
0
0
0
0
0
0
0
0
0
0
0
0
0
0
0
0
0
0
0
0
0
0
0
0
0
0
0.100748
0.200993
0.300739
0.399987
0.49874
0.597
0.694771
0.792053
0.888851
0.985166
1.081
1.17636
1.27124
1.36564
1.45958
1.55305
1.64605
1.73859
1.83067
1.92228
2.01344
2.10415
2.1944
2.28421
2.37356
2.46247
2.55094
2.63896
2.72655
2.8137
2.90041
2.9867
3.07255
3.15797
3.24297
3.32754
3.41169
3.49543
3.57874
3.66164
3.74412
3.8262
3.90786
3.98912
4.06997
4.15042
4.23047
4.31012
4.38937
4.46822
4.54669
4.62476
4.70244
4.77973
4.85664
4.93317
5.00931
5.08508
5.16046
5.23547
5.31011
5.38437
5.45826
5.53179
5.60495
5.67774
5.75017
5.82224
5.89395
5.9653
6.0363
6.10694
6.17723
6.24717
6.31676
6.386
6.4549
6.52345
6.59166
6.65954
6.72707
6.79426
6.86113
6.92765
6.99385
7.05972
7.12525
7.19046
7.25535
7.31991
7.38415
7.44807
7.51167
7.57495
7.63792
7.70058
7.76292
7.82495
7.88667
7.94808
8.00919
8.06999
8.13049
8.19068
8.25058
8.31018
8.36948
8.42849
8.4872
8.54561
8.60374
8.66158
8.71913
8.77639
8.83336
8.89005
8.94646
9.00259
9.05844
9.114
9.1693
9.22431
9.27905
9.33352
9.38772
9.44165
9.4953
9.54869
9.60182
9.65468
9.70727
9.7596
9.81167
9.86349
9.91504
9.96634
10.0174
10.0682
10.1187
10.169
10.219
10.2688
10.3183
10.3676
10.4166
10.4654
10.514
10.5623
10.6104
10.6582
10.7058
10.7531
10.8003
10.8471
10.8938
10.9402
10.9864
11.0323
11.0781
11.1236
11.1688
11.2139
11.2587
11.3033
11.3477
11.3918
11.4357
11.4794
11.5229
11.5662
11.6093
11.6521
11.6948
11.7372
11.7794
11.8214
11.8632
11.9048
11.9461
11.9873
12.0283
12.069
12.1096
12.1499
12.1901
12.23
12.2698
12.3093
12.3487
12.3878
12.4268
12.4656
12.5041
12.5425
12.5807
12.6187
12.6565
12.6942
12.7316
12.7688
12.8059
12.8428
12.8795
12.916
12.9523
12.9885
13.0244
13.0602
13.0958
13.1313
13.1665
13.2016
13.2365
13.2712
13.3058
13.3402
13.3744
13.4084
13.4423
13.476
13.5095
13.5429
13.5761
13.6091
13.642
13.6747
13.7073
13.7397
13.7719
13.8039
13.8358
13.8676
13.8992
13.9306
13.9619
13.993
14.0239
14.0547
14.0854
14.1159
14.1462
14.1764
14.2065
14.2364
14.2661
14.2957
14.3251
14.3544
14.3836
14.4126
14.4415
14.4702
14.4988
14.5272
14.5555
14.5836
14.6117
14.6395
14.6673
14.6949
14.7223
14.7496
14.7768
14.8039
14.8308
14.8576
14.8842
14.9107
14.9371
14.9633
14.9895
15.0155
15.0413
15.067
15.0926
15.1181
15.1435
15.1687
15.1938
15.2187
15.2436
15.2683
15.2929
15.3174
15.3417
15.366
15.3901
15.4141
15.4379
15.4617
15.4853
15.5088
15.5322
15.5555
15.5787
15.6017
15.6247
15.6475
15.6702
15.6928
15.7153
15.7376
15.7599
15.782
15.8041
15.826
15.8478
15.8695
15.8911
15.9126
15.934
15.9553
15.9764
15.9975
16.0184
16.0393
16.0601
16.0807
16.1012
16.1217
16.142
16.1623
16.1824
16.2024
16.2224
16.2422
16.262
16.2816
16.3011
16.3206
16.3399
16.3592
16.3783
16.3974
16.4164
16.4352
16.454
16.4727
16.4913
16.5098
16.5282
16.5465
16.5647
16.5829
16.6009
16.6189
16.6367
16.6545
16.6722
16.6898
16.7073
16.7247
16.742
16.7593
16.7764
16.7935
16.8105
16.8274
16.8442
16.861
16.8776
16.8942
16.9107
16.9271
16.9434
16.9596
16.9758
16.9919
17.0079
17.0238
17.0397
17.0554
17.0711
17.0867
17.1022
17.1177
17.1331
17.1483
17.1636
17.1787
17.1938
17.2088
17.2237
17.2385
17.2533
17.268
17.2826
17.2972
17.3117
17.3261
17.3404
17.3547
17.3689
17.383
17.397
17.411
17.4249
17.4388
17.4525
17.4662
17.4799
17.4934
17.5069
17.5204
17.5337
17.547
17.5603
17.5734
17.5865
17.5996
17.6125
17.6254
17.6383
17.651
17.6638
17.6764
17.689
17.7015
17.714
17.7264
17.7387
17.751
17.7632
17.7754
17.7875
17.7995
17.8115
17.8234
17.8352
17.847
17.8588
17.8704
17.8821
17.8936
17.9051
17.9166
17.9279
17.9393
17.9506
17.9618
17.9729
17.984
17.9951
18.0061
18.017
18.0279
18.0388
18.0495
18.0603
18.0709
18.0816
18.0921
18.1026
18.1131
18.1235
18.1339
18.1442
18.1544
18.1646
18.1748
18.1849
18.1949
18.2049
18.2149
18.2248
18.2346
18.2444
18.2542
18.2639
18.2735
18.2832
18.2927
18.3022
18.3117
18.3211
18.3305
18.3398
18.3491
18.3583
18.3675
18.3766
18.3857
18.3948
18.4038
18.4127
18.4217
18.4305
18.4394
18.4481
18.4569
18.4656
18.4742
18.4828
18.4914
18.4999
18.5084
18.5168
18.5252
18.5336
18.5419
18.5502
18.5584
18.5666
18.5747
18.5828
18.5909
18.5989
18.6069
18.6148
18.6228
18.6306
18.6384
18.6462
18.654
18.6617
18.6694
18.677
18.6846
18.6922
18.6997
18.7072
18.7146
18.722
18.7294
18.7367
18.744
18.7513
18.7585
18.7657
18.7728
18.78
18.787
18.7941
18.8011
18.8081
18.815
18.8219
18.8288
18.8356
18.8424
18.8492
18.856
18.8627
18.8693
18.876
18.8826
18.8891
18.8957
18.9022
18.9087
18.9151
18.9215
18.9279
18.9342
18.9405
18.9468
18.9531
18.9593
18.9655
18.9716
18.9778
18.9839
18.9899
18.996
19.002
19.0079
19.0139
19.0198
19.0257
19.0315
19.0374
19.0432
19.0489
19.0547
19.0604
19.0661
19.0717
19.0774
19.083
19.0885
19.0941
19.0996
19.1051
19.1105
19.116
19.1214
19.1268
19.1321
19.1374
19.1427
19.148
19.1533
19.1585
19.1637
19.1688
19.174
19.1791
19.1842
19.1893
19.1943
19.1993
19.2043
19.2093
19.2142
19.2191
19.224
19.2289
19.2337
19.2386
19.2433
19.2481
19.2529
19.2576
19.2623
19.267
19.2716
19.2763
19.2809
19.2854
19.29
19.2945
19.2991
19.3036
19.308
19.3125
19.3169
19.3213
19.3257
19.33
19.3344
19.3387
19.343
19.3473
19.3515
19.3558
19.36
19.3642
19.3683
19.3725
19.3766
19.3807
19.3848
19.3889
19.3929
19.3969
19.4009
19.4049
19.4089
19.4128
19.4168
19.4207
19.4246
19.4284
19.4323
19.4361
19.4399
19.4437
19.4475
19.4512
19.455
19.4587
19.4624
19.4661
19.4697
19.4734
19.477
19.4806
19.4842
19.4877
19.4913
19.4948
19.4983
19.5018
19.5053
19.5088
19.5122
19.5157
19.5191
19.5225
19.5259
19.5292
19.5326
19.5359
19.5392
19.5425
19.5458
19.549
19.5523
19.5555
19.5587
19.5619
19.5651
19.5683
19.5714
19.5746
19.5777
19.5808
19.5839
19.587
19.59
19.5931
19.5961
19.5991
19.6021
19.6051
19.608
19.611
19.6139
19.6169
19.6198
19.6227
19.6255
19.6284
19.6313
19.6341
19.6369
19.6397
19.6425
19.6453
19.6481
19.6508
19.6536
19.6563
19.659
19.6617
19.6644
19.667
19.6697
19.6723
19.675
19.6776
19.6802
19.6828
19.6854
19.6879
19.6905
19.693
19.6956
19.6981
19.7006
19.7031
19.7056
19.708
19.7105
19.7129
19.7153
19.7178
19.7202
19.7226
19.7249
19.7273
19.7297
19.732
19.7343
19.7367
19.739
19.7413
19.7436
19.7458
19.7481
19.7504
19.7526
19.7548
19.7571
19.7593
19.7615
19.7637
19.7658
19.768
19.7701
19.7723
19.7744
19.7765
19.7787
19.7808
19.7829
19.7849
19.787
19.7891
19.7911
19.7932
19.7952
19.7972
19.7992
19.8012
19.8032
19.8052
19.8071
19.8091
19.8111
19.813
19.8149
19.8168
19.8188
19.8207
19.8226
19.8244
19.8263
19.8282
19.83
19.8319
19.8337
19.8355
19.8374
19.8392
19.841
19.8427
19.8445
19.8463
19.8481
19.8498
19.8516
19.8533
19.855
19.8568
19.8585
19.8602
19.8619
19.8636
19.8652
19.8669
19.8686
19.8702
19.8719
19.8735
19.8751
19.8767
19.8784
19.88
19.8816
19.8831
19.8847
19.8863
19.8879
19.8894
19.891
19.8925
19.894
19.8956
19.8971
19.8986
19.9001
19.9016
19.9031
19.9046
19.906
19.9075
19.909
19.9104
19.9119
19.9133
19.9147
19.9162
19.9176
19.919
19.9204
19.9218
19.9232
19.9245
19.9259
19.9273
19.9286
19.93
19.9313
19.9327
19.934
19.9353
19.9367
19.938
19.9393
19.9406
19.9419
19.9432
19.9444
19.9457
19.947
19.9482
19.9495
19.9508
19.952
19.9532
19.9545
19.9557
19.9569
19.9581
19.9593
19.9605
19.9617
19.9629
19.9641
19.9653
19.9664
19.9676
19.9688
19.9699
19.9711
19.9722
19.9733
19.9745
19.9756
19.9767
19.9778
19.9789
19.98
19.9811
19.9822
19.9833
19.9844
19.9855
19.9865
19.9876
19.9887
19.9897
19.9908
19.9918
19.9929
19.9939
19.9949
19.9959
19.997
19.998
19.999
20
20.001
0
0
0
0
0
0
0
